Dynamical matrix file
phonons of Carbon diamond on a grid                                        
  1    2   2   6.7406531   0.0000000   0.0000000   0.0000000   0.0000000   0.0000000
           1  'C   '    10947.3568039781     
    1    1      0.0000000000      0.0000000000      0.0000000000
    2    1     -0.2500000000      0.2500000000      0.2500000000

     Dynamical  Matrix in cartesian axes

     q = (   -0.250000000   0.250000000  -0.250000000 ) 

    1    1
  0.81988300  -0.00000000    -0.07037910   0.00000000     0.07037910  -0.00000000
 -0.07037910   0.00000000     0.81988300  -0.00000000    -0.07037910   0.00000000
  0.07037910  -0.00000000    -0.07037910   0.00000000     0.81988300  -0.00000000
    1    2
 -0.55606153   0.16426971    -0.02627116  -0.02751228     0.02627116   0.02751228
 -0.02627116  -0.02751228    -0.55606153   0.16426971    -0.02627116  -0.02751228
  0.02627116   0.02751228    -0.02627116  -0.02751228    -0.55606153   0.16426971
    2    1
 -0.55606153  -0.16426971    -0.02627116   0.02751228     0.02627116  -0.02751228
 -0.02627116   0.02751228    -0.55606153  -0.16426971    -0.02627116   0.02751228
  0.02627116  -0.02751228    -0.02627116   0.02751228    -0.55606153  -0.16426971
    2    2
  0.81988300   0.00000000    -0.07037910  -0.00000000     0.07037910   0.00000000
 -0.07037910  -0.00000000     0.81988300   0.00000000    -0.07037910  -0.00000000
  0.07037910   0.00000000    -0.07037910  -0.00000000     0.81988300  -0.00000000

     Dynamical  Matrix in cartesian axes

     q = (    0.250000000  -0.250000000  -0.250000000 ) 

    1    1
  0.81988300   0.00000000    -0.07037910   0.00000000    -0.07037910   0.00000000
 -0.07037910   0.00000000     0.81988300   0.00000000     0.07037910  -0.00000000
 -0.07037910   0.00000000     0.07037910  -0.00000000     0.81988300   0.00000000
    1    2
 -0.16426971  -0.55606153     0.02751228  -0.02627116     0.02751228  -0.02627116
  0.02751228  -0.02627116    -0.16426971  -0.55606153    -0.02751228   0.02627116
  0.02751228  -0.02627116    -0.02751228   0.02627116    -0.16426971  -0.55606153
    2    1
 -0.16426971   0.55606153     0.02751228   0.02627116     0.02751228   0.02627116
  0.02751228   0.02627116    -0.16426971   0.55606153    -0.02751228  -0.02627116
  0.02751228   0.02627116    -0.02751228  -0.02627116    -0.16426971   0.55606153
    2    2
  0.81988300   0.00000000    -0.07037910  -0.00000000    -0.07037910  -0.00000000
 -0.07037910  -0.00000000     0.81988300   0.00000000     0.07037910   0.00000000
 -0.07037910  -0.00000000     0.07037910   0.00000000     0.81988300  -0.00000000

     Dynamical  Matrix in cartesian axes

     q = (    0.250000000  -0.250000000   0.250000000 ) 

    1    1
  0.81988300   0.00000000    -0.07037910  -0.00000000     0.07037910   0.00000000
 -0.07037910  -0.00000000     0.81988300   0.00000000    -0.07037910  -0.00000000
  0.07037910   0.00000000    -0.07037910  -0.00000000     0.81988300  -0.00000000
    1    2
 -0.55606153  -0.16426971    -0.02627116   0.02751228     0.02627116  -0.02751228
 -0.02627116   0.02751228    -0.55606153  -0.16426971    -0.02627116   0.02751228
  0.02627116  -0.02751228    -0.02627116   0.02751228    -0.55606153  -0.16426971
    2    1
 -0.55606153   0.16426971    -0.02627116  -0.02751228     0.02627116   0.02751228
 -0.02627116  -0.02751228    -0.55606153   0.16426971    -0.02627116  -0.02751228
  0.02627116   0.02751228    -0.02627116  -0.02751228    -0.55606153   0.16426971
    2    2
  0.81988300  -0.00000000    -0.07037910   0.00000000     0.07037910  -0.00000000
 -0.07037910   0.00000000     0.81988300  -0.00000000    -0.07037910   0.00000000
  0.07037910  -0.00000000    -0.07037910   0.00000000     0.81988300  -0.00000000

     Dynamical  Matrix in cartesian axes

     q = (    0.250000000   0.250000000   0.250000000 ) 

    1    1
  0.81988300  -0.00000000     0.07037910  -0.00000000     0.07037910  -0.00000000
  0.07037910  -0.00000000     0.81988300  -0.00000000     0.07037910  -0.00000000
  0.07037910  -0.00000000     0.07037910  -0.00000000     0.81988300  -0.00000000
    1    2
 -0.55606153   0.16426971     0.02627116   0.02751228     0.02627116   0.02751228
  0.02627116   0.02751228    -0.55606153   0.16426971     0.02627116   0.02751228
  0.02627116   0.02751228     0.02627116   0.02751228    -0.55606153   0.16426971
    2    1
 -0.55606153  -0.16426971     0.02627116  -0.02751228     0.02627116  -0.02751228
  0.02627116  -0.02751228    -0.55606153  -0.16426971     0.02627116  -0.02751228
  0.02627116  -0.02751228     0.02627116  -0.02751228    -0.55606153  -0.16426971
    2    2
  0.81988300  -0.00000000     0.07037910   0.00000000     0.07037910   0.00000000
  0.07037910   0.00000000     0.81988300   0.00000000     0.07037910   0.00000000
  0.07037910   0.00000000     0.07037910   0.00000000     0.81988300   0.00000000

     Dynamical  Matrix in cartesian axes

     q = (   -0.250000000  -0.250000000  -0.250000000 ) 

    1    1
  0.81988300  -0.00000000     0.07037910   0.00000000     0.07037910   0.00000000
  0.07037910   0.00000000     0.81988300   0.00000000     0.07037910   0.00000000
  0.07037910   0.00000000     0.07037910   0.00000000     0.81988300   0.00000000
    1    2
 -0.55606153  -0.16426971     0.02627116  -0.02751228     0.02627116  -0.02751228
  0.02627116  -0.02751228    -0.55606153  -0.16426971     0.02627116  -0.02751228
  0.02627116  -0.02751228     0.02627116  -0.02751228    -0.55606153  -0.16426971
    2    1
 -0.55606153   0.16426971     0.02627116   0.02751228     0.02627116   0.02751228
  0.02627116   0.02751228    -0.55606153   0.16426971     0.02627116   0.02751228
  0.02627116   0.02751228     0.02627116   0.02751228    -0.55606153   0.16426971
    2    2
  0.81988300  -0.00000000     0.07037910  -0.00000000     0.07037910  -0.00000000
  0.07037910  -0.00000000     0.81988300  -0.00000000     0.07037910  -0.00000000
  0.07037910  -0.00000000     0.07037910  -0.00000000     0.81988300  -0.00000000

     Dynamical  Matrix in cartesian axes

     q = (   -0.250000000  -0.250000000   0.250000000 ) 

    1    1
  0.81988300  -0.00000000     0.07037910  -0.00000000    -0.07037910   0.00000000
  0.07037910  -0.00000000     0.81988300  -0.00000000    -0.07037910   0.00000000
 -0.07037910   0.00000000    -0.07037910   0.00000000     0.81988300  -0.00000000
    1    2
 -0.55606153   0.16426971     0.02627116   0.02751228    -0.02627116  -0.02751228
  0.02627116   0.02751228    -0.55606153   0.16426971    -0.02627116  -0.02751228
 -0.02627116  -0.02751228    -0.02627116  -0.02751228    -0.55606153   0.16426971
    2    1
 -0.55606153  -0.16426971     0.02627116  -0.02751228    -0.02627116   0.02751228
  0.02627116  -0.02751228    -0.55606153  -0.16426971    -0.02627116   0.02751228
 -0.02627116   0.02751228    -0.02627116   0.02751228    -0.55606153  -0.16426971
    2    2
  0.81988300   0.00000000     0.07037910   0.00000000    -0.07037910  -0.00000000
  0.07037910   0.00000000     0.81988300  -0.00000000    -0.07037910  -0.00000000
 -0.07037910  -0.00000000    -0.07037910  -0.00000000     0.81988300   0.00000000

     Dynamical  Matrix in cartesian axes

     q = (   -0.250000000   0.250000000   0.250000000 ) 

    1    1
  0.81988300  -0.00000000    -0.07037910  -0.00000000    -0.07037910  -0.00000000
 -0.07037910  -0.00000000     0.81988300  -0.00000000     0.07037910   0.00000000
 -0.07037910  -0.00000000     0.07037910   0.00000000     0.81988300   0.00000000
    1    2
 -0.16426971   0.55606153     0.02751228   0.02627116     0.02751228   0.02627116
  0.02751228   0.02627116    -0.16426971   0.55606153    -0.02751228  -0.02627116
  0.02751228   0.02627116    -0.02751228  -0.02627116    -0.16426971   0.55606153
    2    1
 -0.16426971  -0.55606153     0.02751228  -0.02627116     0.02751228  -0.02627116
  0.02751228  -0.02627116    -0.16426971  -0.55606153    -0.02751228   0.02627116
  0.02751228  -0.02627116    -0.02751228   0.02627116    -0.16426971  -0.55606153
    2    2
  0.81988300  -0.00000000    -0.07037910   0.00000000    -0.07037910   0.00000000
 -0.07037910   0.00000000     0.81988300   0.00000000     0.07037910  -0.00000000
 -0.07037910   0.00000000     0.07037910  -0.00000000     0.81988300   0.00000000

     Dynamical  Matrix in cartesian axes

     q = (    0.250000000   0.250000000  -0.250000000 ) 

    1    1
  0.81988300   0.00000000     0.07037910   0.00000000    -0.07037910  -0.00000000
  0.07037910   0.00000000     0.81988300  -0.00000000    -0.07037910  -0.00000000
 -0.07037910  -0.00000000    -0.07037910  -0.00000000     0.81988300   0.00000000
    1    2
 -0.55606153  -0.16426971     0.02627116  -0.02751228    -0.02627116   0.02751228
  0.02627116  -0.02751228    -0.55606153  -0.16426971    -0.02627116   0.02751228
 -0.02627116   0.02751228    -0.02627116   0.02751228    -0.55606153  -0.16426971
    2    1
 -0.55606153   0.16426971     0.02627116   0.02751228    -0.02627116  -0.02751228
  0.02627116   0.02751228    -0.55606153   0.16426971    -0.02627116  -0.02751228
 -0.02627116  -0.02751228    -0.02627116  -0.02751228    -0.55606153   0.16426971
    2    2
  0.81988300  -0.00000000     0.07037910  -0.00000000    -0.07037910   0.00000000
  0.07037910  -0.00000000     0.81988300  -0.00000000    -0.07037910   0.00000000
 -0.07037910   0.00000000    -0.07037910   0.00000000     0.81988300  -0.00000000

     Diagonalizing the dynamical matrix

     q = (   -0.250000000   0.250000000  -0.250000000 ) 

 **************************************************************************
     freq (    1) =      12.231524 [THz] =     407.999727 [cm-1]
 (  0.277065 -0.052262  0.564681 -0.119807  0.287616 -0.067545 ) 
 (  0.281675  0.012466  0.577116  0.012466  0.295441  0.000000 ) 
     freq (    2) =      12.231524 [THz] =     407.999727 [cm-1]
 ( -0.492123  0.107945 -0.009228 -0.005460  0.482895 -0.113405 ) 
 ( -0.503768 -0.007425 -0.007735 -0.007425  0.496032  0.000000 ) 
     freq (    3) =      20.168511 [THz] =     672.749129 [cm-1]
 ( -0.374291  0.163012  0.374291 -0.163012 -0.374291  0.163012 ) 
 ( -0.408248 -0.000000  0.408248  0.000000 -0.408248  0.000000 ) 
     freq (    4) =      36.501751 [THz] =    1217.567353 [cm-1]
 (  0.312854 -0.390015  0.312881 -0.390021  0.000027 -0.000006 ) 
 ( -0.393735  0.308159 -0.393763  0.308159 -0.000028  0.000000 ) 
     freq (    5) =      36.501751 [THz] =    1217.567353 [cm-1]
 (  0.281045 -0.066017 -0.281014  0.065979 -0.562059  0.131996 ) 
 ( -0.288694  0.000015  0.288656  0.000015  0.577350  0.000000 ) 
     freq (    6) =      38.635466 [THz] =    1288.740435 [cm-1]
 ( -0.374291  0.163012  0.374291 -0.163012 -0.374291  0.163012 ) 
 (  0.408248 -0.000000 -0.408248 -0.000000  0.408248  0.000000 ) 
 **************************************************************************
