Dynamical matrix file
phonons of Carbon diamond on a grid                                        
  1    2   2   6.7406531   0.0000000   0.0000000   0.0000000   0.0000000   0.0000000
           1  'C   '    10947.3568039781     
    1    1      0.0000000000      0.0000000000      0.0000000000
    2    1     -0.2500000000      0.2500000000      0.2500000000

     Dynamical  Matrix in cartesian axes

     q = (    0.750000000  -0.250000000   0.750000000 ) 

    1    1
  0.82574237   0.00000000    -0.05988734  -0.06048921     0.06694191   0.00000000
 -0.05988734   0.06048921     1.06526759   0.00000000    -0.05988734   0.06048921
  0.06694191   0.00000000    -0.05988734  -0.06048921     0.82574237   0.00000000
    1    2
 -0.18447498   0.17377378    -0.04021462   0.01817500     0.12138785   0.02424833
 -0.04021462   0.01817500    -0.21235933   0.17146252    -0.04021462   0.01817500
  0.12138785   0.02424833    -0.04021462   0.01817500    -0.18447498   0.17377378
    2    1
 -0.18447498  -0.17377378    -0.04021462  -0.01817500     0.12138785  -0.02424833
 -0.04021462  -0.01817500    -0.21235933  -0.17146252    -0.04021462  -0.01817500
  0.12138785  -0.02424833    -0.04021462  -0.01817500    -0.18447498  -0.17377378
    2    2
  0.82574237   0.00000000    -0.05988734   0.06048921     0.06694191   0.00000000
 -0.05988734  -0.06048921     1.06526759   0.00000000    -0.05988734  -0.06048921
  0.06694191   0.00000000    -0.05988734   0.06048921     0.82574237   0.00000000

     Dynamical  Matrix in cartesian axes

     q = (    0.750000000  -0.250000000  -0.750000000 ) 

    1    1
  0.82574237   0.00000000    -0.05988734   0.06048921    -0.06694191   0.00000000
 -0.05988734  -0.06048921     1.06526759   0.00000000     0.05988734   0.06048921
 -0.06694191   0.00000000     0.05988734  -0.06048921     0.82574237   0.00000000
    1    2
  0.18447498   0.17377378     0.04021462   0.01817500     0.12138785  -0.02424833
  0.04021462   0.01817500     0.21235933   0.17146252    -0.04021462  -0.01817500
  0.12138785  -0.02424833    -0.04021462  -0.01817500     0.18447498   0.17377378
    2    1
  0.18447498  -0.17377378     0.04021462  -0.01817500     0.12138785   0.02424833
  0.04021462  -0.01817500     0.21235933  -0.17146252    -0.04021462   0.01817500
  0.12138785   0.02424833    -0.04021462   0.01817500     0.18447498  -0.17377378
    2    2
  0.82574237   0.00000000    -0.05988734  -0.06048921    -0.06694191   0.00000000
 -0.05988734   0.06048921     1.06526759   0.00000000     0.05988734  -0.06048921
 -0.06694191   0.00000000     0.05988734   0.06048921     0.82574237   0.00000000

     Dynamical  Matrix in cartesian axes

     q = (   -0.750000000  -0.250000000  -0.750000000 ) 

    1    1
  0.82574237   0.00000000     0.05988734   0.06048921     0.06694191   0.00000000
  0.05988734  -0.06048921     1.06526759   0.00000000     0.05988734  -0.06048921
  0.06694191   0.00000000     0.05988734   0.06048921     0.82574237   0.00000000
    1    2
 -0.18447498   0.17377378     0.04021462  -0.01817500     0.12138785   0.02424833
  0.04021462  -0.01817500    -0.21235933   0.17146252     0.04021462  -0.01817500
  0.12138785   0.02424833     0.04021462  -0.01817500    -0.18447498   0.17377378
    2    1
 -0.18447498  -0.17377378     0.04021462   0.01817500     0.12138785  -0.02424833
  0.04021462   0.01817500    -0.21235933  -0.17146252     0.04021462   0.01817500
  0.12138785  -0.02424833     0.04021462   0.01817500    -0.18447498  -0.17377378
    2    2
  0.82574237   0.00000000     0.05988734  -0.06048921     0.06694191   0.00000000
  0.05988734   0.06048921     1.06526759   0.00000000     0.05988734   0.06048921
  0.06694191   0.00000000     0.05988734  -0.06048921     0.82574237   0.00000000

     Dynamical  Matrix in cartesian axes

     q = (   -0.750000000  -0.250000000   0.750000000 ) 

    1    1
  0.82574237   0.00000000     0.05988734  -0.06048921    -0.06694191   0.00000000
  0.05988734   0.06048921     1.06526759   0.00000000    -0.05988734  -0.06048921
 -0.06694191   0.00000000    -0.05988734   0.06048921     0.82574237   0.00000000
    1    2
 -0.17377378   0.18447498     0.01817500  -0.04021462     0.02424833   0.12138785
  0.01817500  -0.04021462    -0.17146252   0.21235933    -0.01817500   0.04021462
  0.02424833   0.12138785    -0.01817500   0.04021462    -0.17377378   0.18447498
    2    1
 -0.17377378  -0.18447498     0.01817500   0.04021462     0.02424833  -0.12138785
  0.01817500   0.04021462    -0.17146252  -0.21235933    -0.01817500  -0.04021462
  0.02424833  -0.12138785    -0.01817500  -0.04021462    -0.17377378  -0.18447498
    2    2
  0.82574237   0.00000000     0.05988734   0.06048921    -0.06694191   0.00000000
  0.05988734  -0.06048921     1.06526759   0.00000000    -0.05988734   0.06048921
 -0.06694191   0.00000000    -0.05988734  -0.06048921     0.82574237   0.00000000

     Dynamical  Matrix in cartesian axes

     q = (   -0.750000000   0.250000000  -0.750000000 ) 

    1    1
  0.82574237   0.00000000    -0.05988734   0.06048921     0.06694191   0.00000000
 -0.05988734  -0.06048921     1.06526759   0.00000000    -0.05988734  -0.06048921
  0.06694191   0.00000000    -0.05988734   0.06048921     0.82574237   0.00000000
    1    2
 -0.18447498  -0.17377378    -0.04021462  -0.01817500     0.12138785  -0.02424833
 -0.04021462  -0.01817500    -0.21235933  -0.17146252    -0.04021462  -0.01817500
  0.12138785  -0.02424833    -0.04021462  -0.01817500    -0.18447498  -0.17377378
    2    1
 -0.18447498   0.17377378    -0.04021462   0.01817500     0.12138785   0.02424833
 -0.04021462   0.01817500    -0.21235933   0.17146252    -0.04021462   0.01817500
  0.12138785   0.02424833    -0.04021462   0.01817500    -0.18447498   0.17377378
    2    2
  0.82574237   0.00000000    -0.05988734  -0.06048921     0.06694191   0.00000000
 -0.05988734   0.06048921     1.06526759   0.00000000    -0.05988734   0.06048921
  0.06694191   0.00000000    -0.05988734  -0.06048921     0.82574237   0.00000000

     Dynamical  Matrix in cartesian axes

     q = (   -0.250000000   0.750000000  -0.750000000 ) 

    1    1
  1.06526759   0.00000000    -0.05988734  -0.06048921     0.05988734   0.06048921
 -0.05988734   0.06048921     0.82574237   0.00000000    -0.06694191   0.00000000
  0.05988734  -0.06048921    -0.06694191   0.00000000     0.82574237   0.00000000
    1    2
 -0.21235933  -0.17146252    -0.04021462  -0.01817500     0.04021462   0.01817500
 -0.04021462  -0.01817500    -0.18447498  -0.17377378    -0.12138785   0.02424833
  0.04021462   0.01817500    -0.12138785   0.02424833    -0.18447498  -0.17377378
    2    1
 -0.21235933   0.17146252    -0.04021462   0.01817500     0.04021462  -0.01817500
 -0.04021462   0.01817500    -0.18447498   0.17377378    -0.12138785  -0.02424833
  0.04021462  -0.01817500    -0.12138785  -0.02424833    -0.18447498   0.17377378
    2    2
  1.06526759   0.00000000    -0.05988734   0.06048921     0.05988734  -0.06048921
 -0.05988734  -0.06048921     0.82574237   0.00000000    -0.06694191   0.00000000
  0.05988734   0.06048921    -0.06694191   0.00000000     0.82574237   0.00000000

     Dynamical  Matrix in cartesian axes

     q = (   -0.750000000   0.750000000  -0.250000000 ) 

    1    1
  0.82574237   0.00000000    -0.06694191   0.00000000     0.05988734  -0.06048921
 -0.06694191   0.00000000     0.82574237   0.00000000    -0.05988734   0.06048921
  0.05988734   0.06048921    -0.05988734  -0.06048921     1.06526759   0.00000000
    1    2
 -0.17377378   0.18447498     0.02424833   0.12138785     0.01817500  -0.04021462
  0.02424833   0.12138785    -0.17377378   0.18447498    -0.01817500   0.04021462
  0.01817500  -0.04021462    -0.01817500   0.04021462    -0.17146252   0.21235933
    2    1
 -0.17377378  -0.18447498     0.02424833  -0.12138785     0.01817500   0.04021462
  0.02424833  -0.12138785    -0.17377378  -0.18447498    -0.01817500  -0.04021462
  0.01817500   0.04021462    -0.01817500  -0.04021462    -0.17146252  -0.21235933
    2    2
  0.82574237   0.00000000    -0.06694191   0.00000000     0.05988734   0.06048921
 -0.06694191   0.00000000     0.82574237   0.00000000    -0.05988734  -0.06048921
  0.05988734  -0.06048921    -0.05988734   0.06048921     1.06526759   0.00000000

     Dynamical  Matrix in cartesian axes

     q = (    0.750000000   0.250000000   0.750000000 ) 

    1    1
  0.82574237   0.00000000     0.05988734  -0.06048921     0.06694191   0.00000000
  0.05988734   0.06048921     1.06526759   0.00000000     0.05988734   0.06048921
  0.06694191   0.00000000     0.05988734  -0.06048921     0.82574237   0.00000000
    1    2
 -0.18447498  -0.17377378     0.04021462   0.01817500     0.12138785  -0.02424833
  0.04021462   0.01817500    -0.21235933  -0.17146252     0.04021462   0.01817500
  0.12138785  -0.02424833     0.04021462   0.01817500    -0.18447498  -0.17377378
    2    1
 -0.18447498   0.17377378     0.04021462  -0.01817500     0.12138785   0.02424833
  0.04021462  -0.01817500    -0.21235933   0.17146252     0.04021462  -0.01817500
  0.12138785   0.02424833     0.04021462  -0.01817500    -0.18447498   0.17377378
    2    2
  0.82574237   0.00000000     0.05988734   0.06048921     0.06694191   0.00000000
  0.05988734  -0.06048921     1.06526759   0.00000000     0.05988734  -0.06048921
  0.06694191   0.00000000     0.05988734   0.06048921     0.82574237   0.00000000

     Dynamical  Matrix in cartesian axes

     q = (   -0.750000000   0.250000000   0.750000000 ) 

    1    1
  0.82574237   0.00000000    -0.05988734  -0.06048921    -0.06694191   0.00000000
 -0.05988734   0.06048921     1.06526759   0.00000000     0.05988734  -0.06048921
 -0.06694191   0.00000000     0.05988734   0.06048921     0.82574237   0.00000000
    1    2
  0.18447498  -0.17377378     0.04021462  -0.01817500     0.12138785   0.02424833
  0.04021462  -0.01817500     0.21235933  -0.17146252    -0.04021462   0.01817500
  0.12138785   0.02424833    -0.04021462   0.01817500     0.18447498  -0.17377378
    2    1
  0.18447498   0.17377378     0.04021462   0.01817500     0.12138785  -0.02424833
  0.04021462   0.01817500     0.21235933   0.17146252    -0.04021462  -0.01817500
  0.12138785  -0.02424833    -0.04021462  -0.01817500     0.18447498   0.17377378
    2    2
  0.82574237   0.00000000    -0.05988734   0.06048921    -0.06694191   0.00000000
 -0.05988734  -0.06048921     1.06526759   0.00000000     0.05988734   0.06048921
 -0.06694191   0.00000000     0.05988734  -0.06048921     0.82574237   0.00000000

     Dynamical  Matrix in cartesian axes

     q = (    0.750000000   0.250000000  -0.750000000 ) 

    1    1
  0.82574237   0.00000000     0.05988734   0.06048921    -0.06694191   0.00000000
  0.05988734  -0.06048921     1.06526759   0.00000000    -0.05988734   0.06048921
 -0.06694191   0.00000000    -0.05988734  -0.06048921     0.82574237   0.00000000
    1    2
 -0.17377378  -0.18447498     0.01817500   0.04021462     0.02424833  -0.12138785
  0.01817500   0.04021462    -0.17146252  -0.21235933    -0.01817500  -0.04021462
  0.02424833  -0.12138785    -0.01817500  -0.04021462    -0.17377378  -0.18447498
    2    1
 -0.17377378   0.18447498     0.01817500  -0.04021462     0.02424833   0.12138785
  0.01817500  -0.04021462    -0.17146252   0.21235933    -0.01817500   0.04021462
  0.02424833   0.12138785    -0.01817500   0.04021462    -0.17377378   0.18447498
    2    2
  0.82574237   0.00000000     0.05988734  -0.06048921    -0.06694191   0.00000000
  0.05988734   0.06048921     1.06526759   0.00000000    -0.05988734  -0.06048921
 -0.06694191   0.00000000    -0.05988734   0.06048921     0.82574237   0.00000000

     Dynamical  Matrix in cartesian axes

     q = (   -0.750000000   0.750000000   0.250000000 ) 

    1    1
  0.82574237   0.00000000    -0.06694191   0.00000000    -0.05988734  -0.06048921
 -0.06694191   0.00000000     0.82574237   0.00000000     0.05988734   0.06048921
 -0.05988734   0.06048921     0.05988734  -0.06048921     1.06526759   0.00000000
    1    2
  0.18447498  -0.17377378     0.12138785   0.02424833     0.04021462  -0.01817500
  0.12138785   0.02424833     0.18447498  -0.17377378    -0.04021462   0.01817500
  0.04021462  -0.01817500    -0.04021462   0.01817500     0.21235933  -0.17146252
    2    1
  0.18447498   0.17377378     0.12138785  -0.02424833     0.04021462   0.01817500
  0.12138785  -0.02424833     0.18447498   0.17377378    -0.04021462  -0.01817500
  0.04021462   0.01817500    -0.04021462  -0.01817500     0.21235933   0.17146252
    2    2
  0.82574237   0.00000000    -0.06694191   0.00000000    -0.05988734   0.06048921
 -0.06694191   0.00000000     0.82574237   0.00000000     0.05988734  -0.06048921
 -0.05988734  -0.06048921     0.05988734   0.06048921     1.06526759   0.00000000

     Dynamical  Matrix in cartesian axes

     q = (   -0.250000000   0.750000000   0.750000000 ) 

    1    1
  1.06526759   0.00000000    -0.05988734   0.06048921    -0.05988734   0.06048921
 -0.05988734  -0.06048921     0.82574237   0.00000000     0.06694191   0.00000000
 -0.05988734  -0.06048921     0.06694191   0.00000000     0.82574237   0.00000000
    1    2
  0.21235933  -0.17146252     0.04021462  -0.01817500     0.04021462  -0.01817500
  0.04021462  -0.01817500     0.18447498  -0.17377378    -0.12138785  -0.02424833
  0.04021462  -0.01817500    -0.12138785  -0.02424833     0.18447498  -0.17377378
    2    1
  0.21235933   0.17146252     0.04021462   0.01817500     0.04021462   0.01817500
  0.04021462   0.01817500     0.18447498   0.17377378    -0.12138785   0.02424833
  0.04021462   0.01817500    -0.12138785   0.02424833     0.18447498   0.17377378
    2    2
  1.06526759   0.00000000    -0.05988734  -0.06048921    -0.05988734  -0.06048921
 -0.05988734   0.06048921     0.82574237   0.00000000     0.06694191   0.00000000
 -0.05988734   0.06048921     0.06694191   0.00000000     0.82574237   0.00000000

     Dynamical  Matrix in cartesian axes

     q = (    0.250000000   0.750000000  -0.750000000 ) 

    1    1
  1.06526759   0.00000000     0.05988734  -0.06048921    -0.05988734   0.06048921
  0.05988734   0.06048921     0.82574237   0.00000000    -0.06694191   0.00000000
 -0.05988734  -0.06048921    -0.06694191   0.00000000     0.82574237   0.00000000
    1    2
 -0.21235933   0.17146252     0.04021462  -0.01817500    -0.04021462   0.01817500
  0.04021462  -0.01817500    -0.18447498   0.17377378    -0.12138785  -0.02424833
 -0.04021462   0.01817500    -0.12138785  -0.02424833    -0.18447498   0.17377378
    2    1
 -0.21235933  -0.17146252     0.04021462   0.01817500    -0.04021462  -0.01817500
  0.04021462   0.01817500    -0.18447498  -0.17377378    -0.12138785   0.02424833
 -0.04021462  -0.01817500    -0.12138785   0.02424833    -0.18447498  -0.17377378
    2    2
  1.06526759   0.00000000     0.05988734   0.06048921    -0.05988734  -0.06048921
  0.05988734  -0.06048921     0.82574237   0.00000000    -0.06694191   0.00000000
 -0.05988734   0.06048921    -0.06694191   0.00000000     0.82574237   0.00000000

     Dynamical  Matrix in cartesian axes

     q = (   -0.250000000  -0.750000000  -0.750000000 ) 

    1    1
  1.06526759   0.00000000     0.05988734  -0.06048921     0.05988734  -0.06048921
  0.05988734   0.06048921     0.82574237   0.00000000     0.06694191   0.00000000
  0.05988734   0.06048921     0.06694191   0.00000000     0.82574237   0.00000000
    1    2
 -0.17146252  -0.21235933     0.01817500   0.04021462     0.01817500   0.04021462
  0.01817500   0.04021462    -0.17377378  -0.18447498    -0.02424833   0.12138785
  0.01817500   0.04021462    -0.02424833   0.12138785    -0.17377378  -0.18447498
    2    1
 -0.17146252   0.21235933     0.01817500  -0.04021462     0.01817500  -0.04021462
  0.01817500  -0.04021462    -0.17377378   0.18447498    -0.02424833  -0.12138785
  0.01817500  -0.04021462    -0.02424833  -0.12138785    -0.17377378   0.18447498
    2    2
  1.06526759   0.00000000     0.05988734   0.06048921     0.05988734   0.06048921
  0.05988734  -0.06048921     0.82574237   0.00000000     0.06694191   0.00000000
  0.05988734  -0.06048921     0.06694191   0.00000000     0.82574237   0.00000000

     Dynamical  Matrix in cartesian axes

     q = (    0.750000000   0.750000000  -0.250000000 ) 

    1    1
  0.82574237   0.00000000     0.06694191   0.00000000    -0.05988734  -0.06048921
  0.06694191   0.00000000     0.82574237   0.00000000    -0.05988734  -0.06048921
 -0.05988734   0.06048921    -0.05988734   0.06048921     1.06526759   0.00000000
    1    2
 -0.18447498   0.17377378     0.12138785   0.02424833    -0.04021462   0.01817500
  0.12138785   0.02424833    -0.18447498   0.17377378    -0.04021462   0.01817500
 -0.04021462   0.01817500    -0.04021462   0.01817500    -0.21235933   0.17146252
    2    1
 -0.18447498  -0.17377378     0.12138785  -0.02424833    -0.04021462  -0.01817500
  0.12138785  -0.02424833    -0.18447498  -0.17377378    -0.04021462  -0.01817500
 -0.04021462  -0.01817500    -0.04021462  -0.01817500    -0.21235933  -0.17146252
    2    2
  0.82574237   0.00000000     0.06694191   0.00000000    -0.05988734   0.06048921
  0.06694191   0.00000000     0.82574237   0.00000000    -0.05988734   0.06048921
 -0.05988734  -0.06048921    -0.05988734  -0.06048921     1.06526759   0.00000000

     Dynamical  Matrix in cartesian axes

     q = (    0.750000000  -0.750000000   0.250000000 ) 

    1    1
  0.82574237   0.00000000    -0.06694191   0.00000000     0.05988734   0.06048921
 -0.06694191   0.00000000     0.82574237   0.00000000    -0.05988734  -0.06048921
  0.05988734  -0.06048921    -0.05988734   0.06048921     1.06526759   0.00000000
    1    2
 -0.17377378  -0.18447498     0.02424833  -0.12138785     0.01817500   0.04021462
  0.02424833  -0.12138785    -0.17377378  -0.18447498    -0.01817500  -0.04021462
  0.01817500   0.04021462    -0.01817500  -0.04021462    -0.17146252  -0.21235933
    2    1
 -0.17377378   0.18447498     0.02424833   0.12138785     0.01817500  -0.04021462
  0.02424833   0.12138785    -0.17377378   0.18447498    -0.01817500   0.04021462
  0.01817500  -0.04021462    -0.01817500   0.04021462    -0.17146252   0.21235933
    2    2
  0.82574237   0.00000000    -0.06694191   0.00000000     0.05988734  -0.06048921
 -0.06694191   0.00000000     0.82574237   0.00000000    -0.05988734   0.06048921
  0.05988734   0.06048921    -0.05988734  -0.06048921     1.06526759   0.00000000

     Dynamical  Matrix in cartesian axes

     q = (   -0.750000000  -0.750000000  -0.250000000 ) 

    1    1
  0.82574237   0.00000000     0.06694191   0.00000000     0.05988734   0.06048921
  0.06694191   0.00000000     0.82574237   0.00000000     0.05988734   0.06048921
  0.05988734  -0.06048921     0.05988734  -0.06048921     1.06526759   0.00000000
    1    2
 -0.18447498   0.17377378     0.12138785   0.02424833     0.04021462  -0.01817500
  0.12138785   0.02424833    -0.18447498   0.17377378     0.04021462  -0.01817500
  0.04021462  -0.01817500     0.04021462  -0.01817500    -0.21235933   0.17146252
    2    1
 -0.18447498  -0.17377378     0.12138785  -0.02424833     0.04021462   0.01817500
  0.12138785  -0.02424833    -0.18447498  -0.17377378     0.04021462   0.01817500
  0.04021462   0.01817500     0.04021462   0.01817500    -0.21235933  -0.17146252
    2    2
  0.82574237   0.00000000     0.06694191   0.00000000     0.05988734  -0.06048921
  0.06694191   0.00000000     0.82574237   0.00000000     0.05988734  -0.06048921
  0.05988734   0.06048921     0.05988734   0.06048921     1.06526759   0.00000000

     Dynamical  Matrix in cartesian axes

     q = (    0.250000000  -0.750000000   0.750000000 ) 

    1    1
  1.06526759   0.00000000    -0.05988734   0.06048921     0.05988734  -0.06048921
 -0.05988734  -0.06048921     0.82574237   0.00000000    -0.06694191   0.00000000
  0.05988734   0.06048921    -0.06694191   0.00000000     0.82574237   0.00000000
    1    2
 -0.21235933   0.17146252    -0.04021462   0.01817500     0.04021462  -0.01817500
 -0.04021462   0.01817500    -0.18447498   0.17377378    -0.12138785  -0.02424833
  0.04021462  -0.01817500    -0.12138785  -0.02424833    -0.18447498   0.17377378
    2    1
 -0.21235933  -0.17146252    -0.04021462  -0.01817500     0.04021462   0.01817500
 -0.04021462  -0.01817500    -0.18447498  -0.17377378    -0.12138785   0.02424833
  0.04021462   0.01817500    -0.12138785   0.02424833    -0.18447498  -0.17377378
    2    2
  1.06526759   0.00000000    -0.05988734  -0.06048921     0.05988734   0.06048921
 -0.05988734   0.06048921     0.82574237   0.00000000    -0.06694191   0.00000000
  0.05988734  -0.06048921    -0.06694191   0.00000000     0.82574237   0.00000000

     Dynamical  Matrix in cartesian axes

     q = (   -0.750000000  -0.750000000   0.250000000 ) 

    1    1
  0.82574237   0.00000000     0.06694191   0.00000000    -0.05988734   0.06048921
  0.06694191   0.00000000     0.82574237   0.00000000    -0.05988734   0.06048921
 -0.05988734  -0.06048921    -0.05988734  -0.06048921     1.06526759   0.00000000
    1    2
 -0.18447498  -0.17377378     0.12138785  -0.02424833    -0.04021462  -0.01817500
  0.12138785  -0.02424833    -0.18447498  -0.17377378    -0.04021462  -0.01817500
 -0.04021462  -0.01817500    -0.04021462  -0.01817500    -0.21235933  -0.17146252
    2    1
 -0.18447498   0.17377378     0.12138785   0.02424833    -0.04021462   0.01817500
  0.12138785   0.02424833    -0.18447498   0.17377378    -0.04021462   0.01817500
 -0.04021462   0.01817500    -0.04021462   0.01817500    -0.21235933   0.17146252
    2    2
  0.82574237   0.00000000     0.06694191   0.00000000    -0.05988734  -0.06048921
  0.06694191   0.00000000     0.82574237   0.00000000    -0.05988734  -0.06048921
 -0.05988734   0.06048921    -0.05988734   0.06048921     1.06526759   0.00000000

     Dynamical  Matrix in cartesian axes

     q = (    0.250000000   0.750000000   0.750000000 ) 

    1    1
  1.06526759   0.00000000     0.05988734   0.06048921     0.05988734   0.06048921
  0.05988734  -0.06048921     0.82574237   0.00000000     0.06694191   0.00000000
  0.05988734  -0.06048921     0.06694191   0.00000000     0.82574237   0.00000000
    1    2
 -0.17146252   0.21235933     0.01817500  -0.04021462     0.01817500  -0.04021462
  0.01817500  -0.04021462    -0.17377378   0.18447498    -0.02424833  -0.12138785
  0.01817500  -0.04021462    -0.02424833  -0.12138785    -0.17377378   0.18447498
    2    1
 -0.17146252  -0.21235933     0.01817500   0.04021462     0.01817500   0.04021462
  0.01817500   0.04021462    -0.17377378  -0.18447498    -0.02424833   0.12138785
  0.01817500   0.04021462    -0.02424833   0.12138785    -0.17377378  -0.18447498
    2    2
  1.06526759   0.00000000     0.05988734  -0.06048921     0.05988734  -0.06048921
  0.05988734   0.06048921     0.82574237   0.00000000     0.06694191   0.00000000
  0.05988734   0.06048921     0.06694191   0.00000000     0.82574237   0.00000000

     Dynamical  Matrix in cartesian axes

     q = (   -0.250000000  -0.750000000   0.750000000 ) 

    1    1
  1.06526759   0.00000000     0.05988734   0.06048921    -0.05988734  -0.06048921
  0.05988734  -0.06048921     0.82574237   0.00000000    -0.06694191   0.00000000
 -0.05988734   0.06048921    -0.06694191   0.00000000     0.82574237   0.00000000
    1    2
 -0.21235933  -0.17146252     0.04021462   0.01817500    -0.04021462  -0.01817500
  0.04021462   0.01817500    -0.18447498  -0.17377378    -0.12138785   0.02424833
 -0.04021462  -0.01817500    -0.12138785   0.02424833    -0.18447498  -0.17377378
    2    1
 -0.21235933   0.17146252     0.04021462  -0.01817500    -0.04021462   0.01817500
  0.04021462  -0.01817500    -0.18447498   0.17377378    -0.12138785  -0.02424833
 -0.04021462   0.01817500    -0.12138785  -0.02424833    -0.18447498   0.17377378
    2    2
  1.06526759   0.00000000     0.05988734  -0.06048921    -0.05988734   0.06048921
  0.05988734   0.06048921     0.82574237   0.00000000    -0.06694191   0.00000000
 -0.05988734  -0.06048921    -0.06694191   0.00000000     0.82574237   0.00000000

     Dynamical  Matrix in cartesian axes

     q = (    0.750000000   0.750000000   0.250000000 ) 

    1    1
  0.82574237   0.00000000     0.06694191   0.00000000     0.05988734  -0.06048921
  0.06694191   0.00000000     0.82574237   0.00000000     0.05988734  -0.06048921
  0.05988734   0.06048921     0.05988734   0.06048921     1.06526759   0.00000000
    1    2
 -0.18447498  -0.17377378     0.12138785  -0.02424833     0.04021462   0.01817500
  0.12138785  -0.02424833    -0.18447498  -0.17377378     0.04021462   0.01817500
  0.04021462   0.01817500     0.04021462   0.01817500    -0.21235933  -0.17146252
    2    1
 -0.18447498   0.17377378     0.12138785   0.02424833     0.04021462  -0.01817500
  0.12138785   0.02424833    -0.18447498   0.17377378     0.04021462  -0.01817500
  0.04021462  -0.01817500     0.04021462  -0.01817500    -0.21235933   0.17146252
    2    2
  0.82574237   0.00000000     0.06694191   0.00000000     0.05988734   0.06048921
  0.06694191   0.00000000     0.82574237   0.00000000     0.05988734   0.06048921
  0.05988734  -0.06048921     0.05988734  -0.06048921     1.06526759   0.00000000

     Dynamical  Matrix in cartesian axes

     q = (    0.250000000  -0.750000000  -0.750000000 ) 

    1    1
  1.06526759   0.00000000    -0.05988734  -0.06048921    -0.05988734  -0.06048921
 -0.05988734   0.06048921     0.82574237   0.00000000     0.06694191   0.00000000
 -0.05988734   0.06048921     0.06694191   0.00000000     0.82574237   0.00000000
    1    2
  0.21235933   0.17146252     0.04021462   0.01817500     0.04021462   0.01817500
  0.04021462   0.01817500     0.18447498   0.17377378    -0.12138785   0.02424833
  0.04021462   0.01817500    -0.12138785   0.02424833     0.18447498   0.17377378
    2    1
  0.21235933  -0.17146252     0.04021462  -0.01817500     0.04021462  -0.01817500
  0.04021462  -0.01817500     0.18447498  -0.17377378    -0.12138785  -0.02424833
  0.04021462  -0.01817500    -0.12138785  -0.02424833     0.18447498  -0.17377378
    2    2
  1.06526759   0.00000000    -0.05988734   0.06048921    -0.05988734   0.06048921
 -0.05988734  -0.06048921     0.82574237   0.00000000     0.06694191   0.00000000
 -0.05988734  -0.06048921     0.06694191   0.00000000     0.82574237   0.00000000

     Dynamical  Matrix in cartesian axes

     q = (    0.750000000  -0.750000000  -0.250000000 ) 

    1    1
  0.82574237   0.00000000    -0.06694191   0.00000000    -0.05988734   0.06048921
 -0.06694191   0.00000000     0.82574237   0.00000000     0.05988734  -0.06048921
 -0.05988734  -0.06048921     0.05988734   0.06048921     1.06526759   0.00000000
    1    2
  0.18447498   0.17377378     0.12138785  -0.02424833     0.04021462   0.01817500
  0.12138785  -0.02424833     0.18447498   0.17377378    -0.04021462  -0.01817500
  0.04021462   0.01817500    -0.04021462  -0.01817500     0.21235933   0.17146252
    2    1
  0.18447498  -0.17377378     0.12138785   0.02424833     0.04021462  -0.01817500
  0.12138785   0.02424833     0.18447498  -0.17377378    -0.04021462   0.01817500
  0.04021462  -0.01817500    -0.04021462   0.01817500     0.21235933  -0.17146252
    2    2
  0.82574237   0.00000000    -0.06694191   0.00000000    -0.05988734  -0.06048921
 -0.06694191   0.00000000     0.82574237   0.00000000     0.05988734   0.06048921
 -0.05988734   0.06048921     0.05988734  -0.06048921     1.06526759   0.00000000

     Diagonalizing the dynamical matrix

     q = (    0.750000000  -0.250000000   0.750000000 ) 

 **************************************************************************
     freq (    1) =      20.337037 [THz] =     678.370546 [cm-1]
 ( -0.449197  0.219596  0.000000  0.000000  0.449197 -0.219596 ) 
 ( -0.500000 -0.000000  0.000000 -0.000000  0.500000  0.000000 ) 
     freq (    2) =      24.344640 [THz] =     812.049780 [cm-1]
 ( -0.262024  0.313817 -0.247995  0.322835 -0.262024  0.313817 ) 
 ( -0.408825 -0.000000 -0.406756 -0.016548 -0.408825  0.000000 ) 
     freq (    3) =      28.343183 [THz] =     945.426813 [cm-1]
 ( -0.239639 -0.240046 -0.086616  0.512250 -0.239639 -0.240046 ) 
 (  0.339188  0.000000 -0.301329  0.423206  0.339188  0.000000 ) 
     freq (    4) =      32.966270 [THz] =    1099.636393 [cm-1]
 ( -0.449197  0.219596  0.000000  0.000000  0.449197 -0.219596 ) 
 (  0.500000  0.000000  0.000000  0.000000 -0.500000  0.000000 ) 
     freq (    5) =      33.823184 [THz] =    1128.219989 [cm-1]
 (  0.057921 -0.459539  0.226106  0.140762  0.057921 -0.459539 ) 
 ( -0.463175 -0.000000  0.111382  0.241933 -0.463175  0.000000 ) 
     freq (    6) =      36.488863 [THz] =    1217.137454 [cm-1]
 ( -0.017245  0.054633 -0.571107 -0.408990 -0.017245  0.054633 ) 
 ( -0.057290 -0.000000  0.218107  0.667731 -0.057290  0.000000 ) 
 **************************************************************************
